,tensorflow/tensorflow,pytorch/pytorch,chainer/chainer
2016-09-25,44.63660771045055,11.047503144077723,12.348567128569709
2016-09-26,51.15793579208383,9.300237468512664,12.084038402177551
2016-09-27,47.11925458972239,14.599318809267194,11.600481050446632
2016-09-28,45.57976207175241,8.815192636478471,9.96647828812505
2016-09-29,43.41456006824549,11.716455039373646,13.3490288483643
2016-09-30,39.76254027879805,8.42342986911918,8.427780033157104
2016-10-01,34.29334739776016,8.9785085413513,4.569812030753833
2016-10-02,40.58307863425269,8.535152250738589,5.763373898812019
2016-10-03,31.204852312169287,11.907252050910309,9.475066792951303
2016-10-04,23.891911755438997,2.054558023232895,7.755243730438499
2016-10-05,31.06737521889779,10.544095461188085,6.410236669485302
2016-10-06,35.8305138849428,1.0662986396516818,5.62010378079728
2016-10-07,33.207645676292444,27.42140308692829,6.821366833301003
2016-10-08,42.2051079425814,5.311134848789678,11.585500613561345
2016-10-09,38.93941596018688,5.1179716683824426,14.184286806828599
2016-10-10,41.67569380847064,3.607667245107116,-2.291090316406562
2016-10-11,50.005943103677225,4.3679139185779,3.106307109159177
2016-10-12,68.51269728711522,2.2166303589508156,11.000470413279244
2016-10-13,44.60626729287935,9.361689364199497,1.4957560915285022
2016-10-14,56.76073772656542,12.392860007607887,12.309685501702923
2016-10-15,48.49540917778029,4.645477339845118,13.560651887444667
2016-10-16,56.47494792172057,6.835868340481322,6.164231198209213
2016-10-17,41.098168802214445,17.893479590449193,13.301104275413424
2016-10-18,51.60139301017634,4.1968102367459865,19.106070226939302
2016-10-19,97.1737000372046,6.325156430082821,10.563053277191342
2016-10-20,43.766131260840666,-0.6870725677078614,10.88848596282479
2016-10-21,48.82915961407006,-1.1753307503315482,9.68843973908656
2016-10-22,66.48332750865978,5.183827864098845,4.656030116619767
2016-10-23,57.61971093747725,4.591706056922131,6.0954421128067775
2016-10-24,53.996793996732016,24.531262394702587,10.549521488036234
2016-10-25,53.94107606685277,4.007828703395564,18.516864333578607
2016-10-26,52.31212838459415,6.329284639714839,9.097466777866348
2016-10-27,52.150417469210666,6.651164856894246,20.61828577670628
2016-10-28,47.085100197491776,7.441458891875007,5.234409245500803
2016-10-29,48.29100301381231,7.307971071187989,7.535187684510568
2016-10-30,39.8352429919177,5.300225187743539,10.468828679980072
2016-10-31,58.2785238084697,5.563819856588842,4.667248270365635
2016-11-01,42.84474256326182,7.255112197568344,0.5872651770593613
2016-11-02,47.12814683700891,8.562388002070454,4.0516573904631255
2016-11-03,53.323002200478555,8.088208589708225,2.0033132319374083
2016-11-04,54.144823232384184,3.7022980877632965,18.473699118602507
2016-11-05,38.34434070878338,6.9746449005436215,12.354374614692917
2016-11-06,41.118378204636194,5.5509220120600435,8.66449198647084
2016-11-07,8.314832734604467,12.086039843882347,36.58163837894722
2016-11-08,-7.651630360469213,74.66094346225783,5.543332165853634
2016-11-09,92.19932734822757,1.7185422595279758,30.032352159761796
2016-11-10,23.662105265494397,6.78529298560627,20.021905481108774
2016-11-11,35.926183012642525,32.11646185977063,8.689201917131683
2016-11-12,64.13287985416513,3.029339572150702,8.261205099158628
2016-11-13,39.29053512461728,8.890401819646753,20.902129274694303
2016-11-14,40.761378569692766,1.3977763144269517,18.103361943634653
2016-11-15,45.79936507520276,21.07146785139926,13.263676708992394
2016-11-16,134.99253139583493,11.170969747028181,23.20544918952224
2016-11-17,48.56240526768285,2.0843159147534895,8.69185190345797
2016-11-18,42.75027575530154,10.766850980982719,8.71860161318187
2016-11-19,53.99823507163201,6.93793523596015,12.755643946861154
2016-11-20,54.984911055828775,5.308303926620727,2.5149503985832
2016-11-21,43.55572682779446,8.583220210039254,7.8296072408783095
2016-11-22,52.7251882115069,6.261546157782899,13.207068297974422
2016-11-23,48.29002734814558,6.896085958017418,6.159957907870448
2016-11-24,7.634203079908193,0.8470884012865447,8.850574357675763
2016-11-25,0.7856971482825923,3.051279534141383,14.781660026101296
2016-11-26,36.67451281949259,12.668181528549297,7.459270838427829
2016-11-27,43.88246391205831,6.035469864497195,12.851692631953975
2016-11-28,46.76152544032616,7.858316517565712,12.072148202672775
2016-11-29,46.59201576814672,36.39512555285548,8.651575564228988
2016-11-30,43.71594540419916,5.507971277498472,9.208664810491557
2016-12-01,46.67270979943671,12.21115734216332,19.434500841217062
2016-12-02,55.326605354069514,7.605021387626573,12.340554704789522
2016-12-03,49.32720679341797,6.068195566945106,16.57492625034691
2016-12-04,42.75174807587893,7.113608120954105,14.139807849507012
2016-12-05,55.967556125015555,21.809374207233244,40.40481124939321
2016-12-06,34.77192984194426,4.730752070120177,14.910982154609457
2016-12-07,100.84839137427346,5.042184289482642,13.366156962450434
2016-12-08,56.65570995792929,-16.81673105280806,5.22061326886595
2016-12-09,46.74063968661031,5.865081846375721,11.594365202137876
2016-12-10,48.304014672846094,8.009717385859663,9.992437528548523
2016-12-11,42.71225160411957,13.155014973624532,5.71810417774772
2016-12-12,37.132186678135255,9.28721364173628,29.6934764303421
2016-12-13,42.922355924181964,12.077915349757413,10.352329384104674
2016-12-14,37.90094521533389,26.080664766228715,10.020005814010174
2016-12-15,32.66568452458388,17.080197981620277,10.069113374647241
2016-12-16,63.45021025666729,16.761336944592504,43.26592697348001
2016-12-17,41.18208259096504,17.882138913018018,5.978102092313527
2016-12-18,32.42472908730295,12.498933486398416,12.889865803355505
2016-12-19,40.825790912163846,23.982227771229617,6.112786912797144
2016-12-20,29.082484610679106,22.93892339225731,6.151776365005089
2016-12-21,54.34976613045704,19.57660870943796,2.311354062109451
2016-12-22,35.31998529322453,4.507174944260807,8.29965118336305
2016-12-23,14.427291364020984,4.1878088119436345,5.185724695168539
2016-12-24,18.229484454017395,16.34553643458741,5.310959279008591
2016-12-25,24.8694638827331,15.746275331763435,1.5784710520345344
2016-12-26,12.800767820565198,11.942663255196326,6.086230920562183
2016-12-27,16.554818183152832,15.27020752844115,27.42971664224673
2016-12-28,12.099008990240648,17.647466547572915,6.67019662222045
2016-12-29,10.876975112445876,16.2301015912418,-5.089911689924903
2016-12-30,10.523317526488727,17.836332487335813,1.6606844668812282
2016-12-31,19.619692670212665,46.39315599162245,4.533801710241278
2017-01-01,23.48750184210672,21.778398902963083,2.169611572640104
2017-01-02,13.317837133358285,15.30595319654434,-0.9118273442073707
2017-01-03,16.128041345448327,17.863596451956063,0.03765184284893652
2017-01-04,38.26588266162331,74.40809628410217,4.325761084006876
2017-01-05,19.873864679572982,18.97935373184444,8.991039598576158
2017-01-06,35.56023098638238,-0.6110989842757535,26.36779529722121
2017-01-07,30.24214366362173,12.754123490516575,9.066116395554326
2017-01-08,30.23189969949053,10.620213953449527,10.758751325941128
2017-01-09,43.11830430139638,13.895625625556328,-3.133754176439149
2017-01-10,38.45083508803323,-0.2935753785106101,13.104989109275012
2017-01-11,33.26738203052213,9.436346114919296,12.660256214271374
2017-01-12,40.932065608963896,-2.1889736417841394,10.560389144753543
2017-01-13,36.14761295238076,15.663313223945277,13.88607674213441
2017-01-14,31.189526500184694,14.418107088134718,10.361049752664503
2017-01-15,33.15796982688015,11.172887514689906,17.121353743975913
2017-01-16,24.045294228663487,19.341635191332198,19.644358103304263
2017-01-17,35.01541708226847,12.412660482510924,-0.4938365418997481
2017-01-18,28.48091503875468,28.97956335746878,15.4639810338658
2017-01-19,58.803650195936946,10.976441718033282,24.53066838716786
2017-01-20,39.51309917170802,11.494920902235751,13.17586130108339
2017-01-21,32.8412933765356,12.868216141501978,18.993604788110954
2017-01-22,34.610991912851574,16.921160295532346,10.805021452070484
2017-01-23,33.38385433179796,14.006661906015182,17.033342702486188
2017-01-24,40.29864307771847,15.651318950957023,12.054239297884665
2017-01-25,31.691458299112192,16.401805834764932,33.04196794859913
2017-01-26,28.287082457472238,11.299388148019116,12.506847746913804
2017-01-27,25.84432873427406,16.334134609850476,14.691974172523455
2017-01-28,37.19730517434584,25.21887477994664,12.747473997683034
2017-01-29,38.35861521990722,18.827504777152534,18.199531149091733
2017-01-30,43.43342011647776,11.794727036059687,14.42805672458465
2017-01-31,38.8094331749899,44.36675313479647,25.52392659749669
2017-02-01,48.1164648693353,18.562007785191142,16.755062812590886
2017-02-02,45.45398908755661,12.457727971189462,17.255171538280592
2017-02-03,46.79605105203366,3.3854877460875645,29.84103568540283
2017-02-04,39.17147098291015,12.134181475690063,15.164534748551233
2017-02-05,38.30084864645492,9.598199914410797,14.40071944043551
2017-02-06,78.13616991760237,13.885188662079322,41.53938887539171
2017-02-07,128.3770015951754,8.861674358723697,21.87137554164643
2017-02-08,44.133333531833784,9.57302041620238,14.51676874054784
2017-02-09,43.1382817928846,12.137366329529586,13.98127485747252
2017-02-10,54.91264298107973,10.25850882188022,12.416098883890962
2017-02-11,58.884743217973934,13.698724118990224,14.99706605972435
2017-02-12,39.20301684202731,13.30468292379828,10.514550859008725
2017-02-13,41.57395447784823,13.977037040264781,12.845888440931166
2017-02-14,91.82538553557268,21.25356877296349,0.6952921760362525
2017-02-15,31.443193369769205,13.050129792238351,11.148996101271628
2017-02-16,36.472816793276486,27.85714097737207,62.962418461002095
2017-02-17,21.432020897647153,18.9318243414083,7.869981568279455
2017-02-18,27.428076938484633,14.43901503728891,10.26525868733454
2017-02-19,36.32974452590876,10.459514773297787,11.18898289141668
2017-02-20,24.620721851294803,13.93348275589539,16.80290043854085
2017-02-21,29.624967758330012,14.717035517687345,16.179097677056927
2017-02-22,39.828237614225,17.92089173987765,11.870854626322638
2017-02-23,29.523055518726714,56.15621840905086,38.00231942916247
2017-02-24,25.761194853629902,1.8607496869832305,-0.9399226931574871
2017-02-25,31.95682354310734,17.679577497921347,21.749928432831872
2017-02-26,26.462434642012617,23.48715799653002,22.046472822266658
2017-02-27,59.21180499481952,19.040517467478075,13.139456587284801
2017-02-28,32.31280491289721,24.520539885592413,15.887987877904123
2017-03-01,37.24347873507179,17.773260764518184,12.402650497696374
2017-03-02,35.75132160575983,20.487971278321513,15.135595516675433
2017-03-03,42.173252922917776,19.65127819865097,13.82844133126793
2017-03-04,37.427314312760174,18.6090645104076,11.270944395644111
2017-03-05,45.66289280308763,18.382948184681567,10.373923925905585
2017-03-06,30.892616133314817,16.122460217019892,17.420848494322687
2017-03-07,36.485435163803345,14.437654797419997,15.045544654164637
2017-03-08,24.331164359330373,11.326942813768472,26.35295771596674
2017-03-09,26.22011517054196,12.522084609098687,17.71214625811087
2017-03-10,34.88097407989638,11.97608293816253,27.270193083914286
2017-03-11,38.436265560119324,16.295086667463337,17.87853561746955
2017-03-12,35.47253835722148,13.250992045577055,26.556639253776957
2017-03-13,42.15519723407864,21.461746400265724,45.290077403130006
2017-03-14,40.20380704513854,14.101862630767853,15.09827232615935
2017-03-15,37.31924058211604,16.31057632256347,-0.30808984819122465
2017-03-16,47.244423193959534,13.812027111830076,18.18019450933403
2017-03-17,39.462119110156955,12.965200752618383,18.634906827100213
2017-03-18,35.48981761841263,10.49953454578039,29.458724249531347
2017-03-19,34.77006817641262,12.40554293621629,14.315312185347533
2017-03-20,44.43734122525544,6.741788109003331,0.563375661017016
2017-03-21,16.95096827515489,4.665317372887695,43.29481542481698
2017-03-22,45.40076958126508,15.709044398929592,20.712484555572956
2017-03-23,37.194005516805134,26.732471119075925,20.17801911896491
2017-03-24,34.41579880210899,29.77460593374514,23.782551397723083
2017-03-25,33.18350446672564,13.622489450616529,16.428613162178408
2017-03-26,38.21376007988304,14.301486565207966,27.732616829690034
2017-03-27,37.84016851663912,16.901312367421944,24.35019746031531
2017-03-28,45.64362995761357,17.788332361850912,24.919268837771423
2017-03-29,41.973901705416594,13.044634695543209,5.545619141142357
2017-03-30,42.496165152454275,13.873505612805026,23.341302412147527
2017-03-31,71.89393288521457,15.965378961177352,21.22092458953325
2017-04-01,38.496212171374445,13.095361204542453,21.11729991441962
2017-04-02,32.732829082855304,14.073307304465766,14.92872576895355
2017-04-03,27.744791785815217,14.255330383859306,12.968273895086694
2017-04-04,15.040528157544722,14.324287530125995,17.47146289761587
2017-04-05,21.174795337434333,2.1476660855905365,20.00504042847612
2017-04-06,25.087863907441246,33.95481549250368,46.71584648662372
2017-04-07,34.745895588700016,17.862139578984376,6.1626317188644
2017-04-08,34.785589541671506,20.854014951885386,12.33159022516764
2017-04-09,31.02445527349951,16.57391945214176,20.470497943559984
2017-04-10,36.655458705217,0.8893330735399827,8.554756099924294
2017-04-11,36.06425114920219,29.62329896507736,44.56074408697978
2017-04-12,29.251977196562866,16.3908714638831,43.12845256664284
2017-04-13,22.2550982279789,15.34163936829823,17.780679538187577
2017-04-14,31.720727794831014,15.426607700555088,17.519998998815563
2017-04-15,26.076177674487415,11.309602396502568,19.53236927168729
2017-04-16,37.36673039102623,14.653075465651739,13.66661524559872
2017-04-17,30.457396382560127,14.56678041847313,26.41777381797077
2017-04-18,34.73131566741327,39.0195128459299,29.536519958141064
2017-04-19,36.3932945687249,16.904242544225376,16.26311920477903
2017-04-20,39.868607121472635,29.212389109766775,24.9892664038633
2017-04-21,20.03120434496033,11.211844480150928,38.90411158668305
2017-04-22,34.103691572001566,16.931358081727254,33.605290905672334
2017-04-23,32.365087108575906,15.90260663829972,27.132640925349023
2017-04-24,7.3059986096342975,15.34728107748508,35.55713835060391
2017-04-25,20.23399996996575,15.303752697373668,26.920667474599988
2017-04-26,30.051244632945917,4.872288238711782,31.9472424748328
2017-04-27,41.56183612464292,13.63433199575713,28.51142052497042
2017-04-28,45.69322218232827,44.36264035172693,27.133421601936504
2017-04-29,39.504914633398414,16.583025325505538,21.29120028617305
2017-04-30,38.84083878234883,14.572650150136292,25.358724511887964
2017-05-01,41.59129519390302,60.72133446030289,18.30113995793233
2017-05-02,41.346799600750316,16.55316885647612,14.374780832386188
2017-05-03,17.424412845121832,15.812753838435672,22.957408824645682
2017-05-04,35.40386594722445,20.12378198129759,1.1634222464938704
2017-05-05,32.78387146906361,15.873242220812958,14.915209409801639
2017-05-06,51.220559277241236,13.376269256271847,22.562202373444137
2017-05-07,40.8627578754899,14.596015121553611,26.616521797171476
2017-05-08,3.998063673366672,19.24700311586252,17.399676087780072
2017-05-09,-6.226664814773724,19.517043069774672,16.306941078504625
2017-05-10,46.595082177315675,14.251785496603574,16.06709313885927
2017-05-11,75.61830447166699,9.084582904813015,15.012618320225421
2017-05-12,66.39606884626319,11.691699879995246,15.143375295865727
2017-05-13,35.039272655517344,9.945022128161382,11.868949294993925
2017-05-14,39.61749994414195,11.558587063211016,5.851892968559093
2017-05-15,39.933696125052215,9.619388842029366,21.32772970011907
2017-05-16,38.65073339957452,3.939161121277051,12.404111815872575
2017-05-17,44.25333205904937,7.690998073635612,7.75646685279866
2017-05-18,46.58857692486205,10.517629649790484,3.073219676951474
2017-05-19,48.712739960834014,11.271994271933643,4.728174418163427
2017-05-20,41.02171583549543,13.9005005145519,6.2811699518969135
2017-05-21,45.57862926714394,11.438863599860644,8.793443068426528
2017-05-22,44.72187220710036,9.751095128827494,3.6836881765114633
2017-05-23,41.04250512648784,8.62647948950876,11.078037765544469
2017-05-24,35.15546831795092,14.503142272483146,12.415548178561874
2017-05-25,40.051997660391976,29.446551864419003,19.442300864071342
2017-05-26,45.50586272805624,12.108081816428133,17.666073290324366
2017-05-27,62.44480055782732,7.804487944869125,11.692902651688643
2017-05-28,41.84947068994969,9.492993764655527,13.473745829949918
2017-05-29,14.630558437818244,5.727294798387549,51.77652061573301
2017-05-30,6.6650240356560495,8.191306385141877,11.601487700818891
2017-05-31,43.98255776283118,7.315420172228995,6.347925526769717
2017-06-01,42.60595484141423,11.248330331353124,12.219479185683195
2017-06-02,26.297662289420877,41.64985703002971,5.518798439069924
2017-06-03,41.182995692598766,11.493633348291986,8.617792038107755
2017-06-04,35.97774427036522,12.440929983730264,6.65795819669882
2017-06-05,39.82649228766378,23.939918037054078,8.794646441871233
2017-06-06,52.33298116924416,17.803549354973196,45.579510360550465
2017-06-07,40.20871534156347,28.5391947653263,7.22743334094459
2017-06-08,42.37703210616255,5.311530784943243,4.180299617465183
2017-06-09,43.5085655036534,9.503444844091034,9.684627021373027
2017-06-10,39.518211171882484,10.579372718608678,11.35443752423405
2017-06-11,43.17543013850766,82.59660818459069,8.621718775743052
2017-06-12,26.651747146795504,10.989509434908848,1.5052441915294716
2017-06-13,38.66268419743004,24.805061745820705,6.528747637961845
2017-06-14,77.13967975705525,12.504240721191678,11.408064034331657
2017-06-15,30.284865712330003,19.64878889973854,8.647747403893954
2017-06-16,53.6871573282948,13.821756713331256,8.708726943910676
2017-06-17,32.64328826626022,54.55285151493331,5.423071723120012
2017-06-18,33.77674229923126,13.97178837028765,9.228413661349933
2017-06-19,33.06332209046857,20.542230754490284,13.617673524245216
2017-06-20,27.86229908578925,14.379469449592957,9.81433481800903
2017-06-21,44.198729457664115,21.298066772140956,10.029843494518762
2017-06-22,64.2835322332986,22.05029638423094,30.477113323628235
2017-06-23,29.825086016676252,18.919419005273244,3.0104436014948663
2017-06-24,34.82842670726563,19.239941947559302,8.187648048981593
2017-06-25,34.17552590305846,13.935610606583827,4.073641992730859
2017-06-26,44.123930043449604,11.602127523088713,9.352091296496127
2017-06-27,38.5108581425514,13.195785906881065,10.738356333365696
2017-06-28,24.670961871701106,7.563487721781465,8.390901705824003
2017-06-29,36.35569426660628,10.98791629127826,8.893008116724623
2017-06-30,34.64213709713011,11.02824131606257,18.121488607042593
2017-07-01,37.97478307130126,9.536218823655396,13.930785137209305
2017-07-02,37.92045148434731,16.558945485170277,16.396306682995515
2017-07-03,1.6327326148631007,15.69701797210884,30.957373166557986
2017-07-04,-0.723291119804955,12.418663318611596,2.750955483193958
2017-07-05,10.27016837707391,-0.8046791447676931,6.35547083607435
2017-07-06,61.242381207777875,1.4138759881356098,7.786236011033191
2017-07-07,42.19935901144383,13.582392116552233,1.4108422400422955
2017-07-08,34.463122883582145,15.048567680217902,6.517209437603109
2017-07-09,32.150671782056364,14.681431294275383,7.8254964666748075
2017-07-10,32.89011113706893,18.181292176651294,12.44631926105358
2017-07-11,24.800414092651593,19.36169300442288,17.16256254040342
2017-07-12,35.51116133103772,17.59514969249886,10.244527837495173
2017-07-13,33.56605508804165,40.221238708470544,14.76683418717416
2017-07-14,26.79903217554935,31.825750217176793,12.17467118679962
2017-07-15,32.85517198026281,14.875067231249666,6.641927776372877
2017-07-16,34.403739637944405,14.470633934290532,9.95470948036128
2017-07-17,18.367311566656337,13.380885222089752,5.248388748522786
2017-07-18,39.830831520540606,13.528140663126532,8.275753195126848
2017-07-19,29.221386235589108,17.501977676703227,26.24582768848385
2017-07-20,31.183776843505502,14.344212315644473,6.570619428020484
2017-07-21,36.19381632032415,17.944679065899763,6.7201870950641105
2017-07-22,34.029788863549484,14.743180817065415,6.594363453585672
2017-07-23,30.7975945692066,17.31977338734979,5.4618237158297696
2017-07-24,38.28955132156853,14.013982116952223,-1.3402893912862197
2017-07-25,76.07332216937992,53.861071295893936,2.1948198986278777
2017-07-26,29.31980159784259,13.40174877701172,11.059413590835787
2017-07-27,30.84786009829032,18.132965753818347,7.794882372183841
2017-07-28,33.18549327489943,6.276487720322919,9.680346330407449
2017-07-29,32.806802255459615,16.593285427330493,10.654344650151955
2017-07-30,37.57723354730027,13.481221650685724,8.764016075652169
2017-07-31,38.02625538695134,11.437829390882946,11.120722242196681
2017-08-01,29.44304894195632,16.48077955858676,13.004973716687264
2017-08-02,38.879533780154716,3.3901610761029044,10.52247778159402
2017-08-03,31.287331618274205,13.233134165656956,10.581124656102366
2017-08-04,91.51134452770489,17.19770118995705,17.77136326681125
2017-08-05,34.57182247614459,9.996706769981854,20.190318232911302
2017-08-06,33.4416612647199,22.957779376356996,18.369663571791108
2017-08-07,30.063668794273912,13.225494512147261,18.03963272208307
2017-08-08,35.281349206732074,7.875889332157017,8.7746890380127
2017-08-09,37.35538822727184,11.44547110678707,10.129103876598554
2017-08-10,45.06451735057922,10.63239913364568,16.314231109761906
2017-08-11,34.44638986768852,5.870690811802996,2.9486907233890816
2017-08-12,32.87016259734743,14.213645336049751,11.160065252537821
2017-08-13,32.63852179779888,12.961938808306398,10.715363078581538
2017-08-14,31.478325308717338,20.022264913279496,-7.753801796408329
2017-08-15,33.48756746742182,18.904247369553612,19.42007554185332
2017-08-16,36.04136259210639,19.63781095558398,21.113342419208184
2017-08-17,32.388028388858736,13.394257115172675,16.542676619843373
2017-08-18,36.961558388580755,15.465601282988835,18.485103136755
2017-08-19,38.630293257556914,11.432544223049511,17.61342022439741
2017-08-20,35.86111122322238,12.28250191405456,21.765370551755616
2017-08-21,34.808125452204976,11.202679028972362,20.172768041038115
2017-08-22,34.7339186485031,11.787843590377516,19.016965604906762
2017-08-23,31.267481966545986,7.3958973538923285,26.20821455860162
2017-08-24,38.811011413002774,14.284486931224796,53.073047929188746
2017-08-25,33.20481221590744,46.84258896521239,21.834039437588324
2017-08-26,40.11561741273029,20.645438934348157,18.918646740797787
2017-08-27,35.38878517206777,15.8508475736408,13.498524096347278
2017-08-28,45.94512647875032,15.111397473771085,-20.884485717862717
2017-08-29,39.50549343706329,12.646844187286373,33.385405316811216
2017-08-30,41.50026607421254,15.915737963397751,13.625288619113737
2017-08-31,2.6687350748443173,14.010542989087435,42.291385529051425
2017-09-01,13.75356058299721,11.077038260851639,22.446667484080233
2017-09-02,36.88590393064496,12.97554891372725,54.15304952082042
2017-09-03,56.6842665348703,10.498644357194761,24.249580824510524
2017-09-04,19.152841375387787,9.225973802485868,105.95315242501522
2017-09-05,57.961296229796396,249.82997644661265,24.06203534868686
2017-09-06,42.781266959167795,12.061576683827065,17.50106472738252
2017-09-07,48.031933409548344,36.67714736441312,19.452408345318595
2017-09-08,45.23905299195822,19.82886042429554,19.525126248862232
2017-09-09,36.947295538090756,14.668545287778638,13.973998335740477
2017-09-10,31.380209730973334,18.23661553294114,12.625722057156864
2017-09-11,32.32586598931733,26.918043139379712,14.325206199715709
2017-09-12,29.913117756452877,15.291581295926196,6.657297475000572
2017-09-13,37.71546951391582,27.64274612454787,12.142859146598434
2017-09-14,35.80506325123829,10.95318542764817,12.370614818698522
2017-09-15,35.54532520982838,13.603437311423967,8.59926671490031
2017-09-16,47.47549528855714,11.618277605499864,16.96048251604583
2017-09-17,42.63489971636143,28.886163251715264,20.768455108973896
2017-09-18,39.27720585456539,17.107971289689075,-16.577277952774455
2017-09-19,40.09314805469529,36.36737430410778,14.12049089770771
2017-09-20,39.562843798639975,20.762483219970683,15.996501013997577
2017-09-21,28.995759006550447,20.75027739074141,12.887955309274435
2017-09-22,40.359274793911226,16.32479290384147,8.294378055650174
2017-09-23,41.733908558771176,17.953665050879692,10.35940958045225
2017-09-24,43.83276724252906,19.120663828029638,8.057188274444044
2017-09-25,21.97897610003965,20.47006432585422,-11.702452478832418
2017-09-26,47.26318636803467,18.0211444061412,5.081600299390327
2017-09-27,41.40492432351033,4.639050521428116,7.242164242517893
2017-09-28,65.45401677807413,21.370471698128313,5.1690919205691035
2017-09-29,42.584437037552874,2.3176568211722497,11.646471964378248
2017-09-30,43.515431433707334,24.17502455632109,10.954861295074952
2017-10-01,41.9951345066433,16.317308244462644,9.414810681852416
2017-10-02,49.76846635752113,16.025966289832823,12.704217271707934
2017-10-03,46.95926100105754,16.1004106031249,19.475973324292568
2017-10-04,54.870075888173474,14.033102332955043,14.404183451355092
2017-10-05,54.71600953502744,29.394264365729832,24.270562102606114
2017-10-06,50.00526011924778,20.853154353168236,21.278347484871357
2017-10-07,47.52043455568132,18.881685809480956,15.447884610475025
2017-10-08,44.467732977880445,18.05870216772022,16.27261142742767
2017-10-09,17.753277261827137,4.2352432188934035,14.16867487069679
2017-10-10,48.71920952811711,22.141346826090164,13.50272247484384
2017-10-11,13.826920633467964,22.541638488017274,14.420352990122248
2017-10-12,42.41752481140594,16.791544410992294,-6.974503145762153
2017-10-13,47.77498575750077,19.815574243789847,8.299878254403163
2017-10-14,40.65996784391568,18.091819334424002,30.269879035638382
2017-10-15,46.56057257500121,16.597544098636263,11.577927635463544
2017-10-16,44.77186098755703,20.764938558383093,-1.2963391632926702
2017-10-17,35.53851793174102,-4.7853674407751186,9.768398519478096
2017-10-18,29.13606290616251,10.718077957914996,13.094474309349893
2017-10-19,38.86138790733736,14.352953626012294,11.406070653051946
2017-10-20,40.376505716144734,37.64721267834138,5.392543963754735
2017-10-21,38.73243184969689,11.33397063226292,12.579277002069698
2017-10-22,39.85135560664507,16.937125012994784,11.710620767540918
2017-10-23,37.160982982558174,8.435634631102165,17.57252943149621
2017-10-24,31.68067878013979,14.725778378400912,19.947798982226413
2017-10-25,44.78202855718965,10.037648026680953,6.119207940378555
2017-10-26,39.60141782128264,26.92573830643144,14.338931168814717
2017-10-27,57.746429015380265,7.66071871200891,20.418006662824304
2017-10-28,40.880114937327875,28.080457103722406,36.88292977870025
2017-10-29,36.96805957515165,13.825269526389297,17.372811058952927
2017-10-30,42.37234230564737,15.774916317427586,16.135517566898585
2017-10-31,46.35503418850886,13.692599988259488,10.212801366162417
2017-11-01,12.7605016811668,20.5395819699921,19.745120289912087
2017-11-02,31.42944943106266,293.1830529867345,12.65627190031416
2017-11-03,41.70572988982093,20.100005408036292,12.203831836482157
2017-11-04,47.26247987074004,18.651686899260817,16.250336010790498
2017-11-05,57.376228249115435,14.205117596580589,14.306835999712439
2017-11-06,45.92476080975938,16.39022401709443,21.463472314037723
2017-11-07,47.580348557720626,14.178422579904971,36.32184240376058
2017-11-08,44.98015325626058,15.774867713322347,67.16988070777526
2017-11-09,53.371116012916175,14.951077904168349,18.736856570209437
2017-11-10,47.23166607328176,35.36910026104898,25.851496844615703
2017-11-11,197.70784542411948,14.161049198239485,11.483819032438818
2017-11-12,42.482698482740865,15.44619718912717,12.835449496721582
2017-11-13,41.018649005003205,15.305059146604556,11.427197695229317
2017-11-14,57.059055763522466,20.354609073709113,9.093298851004699
2017-11-15,11.65469915011806,18.88782531036298,6.544840045491281
2017-11-16,47.9317718447391,16.8733944976778,32.079555572130715
2017-11-17,69.73828920841247,13.471443605870576,2.7963397007652366
2017-11-18,46.67663953651537,15.145696373047048,12.371591321697382
2017-11-19,40.347195977906495,12.456359801407247,10.77124546328274
2017-11-20,47.08562177639248,10.429857799223788,9.7318579631299
2017-11-21,34.40889954263888,9.240664738028904,10.92869849604907
2017-11-22,52.21969927424355,4.5126660124794515,10.422991693662148
2017-11-23,4.221934654125349,2.612310681817159,4.612899477184027
2017-11-24,-0.9109255749294545,7.6937265530344785,10.234437268237466
2017-11-25,30.023049660106714,7.746219856364677,8.131481507952325
2017-11-26,39.14950727609283,13.037351547691344,11.037400520149887
2017-11-27,34.396868918196674,9.958097082513751,3.2415642283950215
2017-11-28,49.74463890106358,11.199338905928457,8.534831126070237
2017-11-29,33.877253234597724,15.803157730738693,8.715029727930268
2017-11-30,31.897041798737543,15.906827766454533,11.034270127899195
2017-12-01,39.95755543598396,16.906621758398025,18.170132895265283
2017-12-02,48.76987737935331,15.084025494554915,16.106952408926297
2017-12-03,39.11549230985245,12.519061669806167,17.433577833283113
2017-12-04,66.99849796241237,19.183792232855303,72.53339210417111
2017-12-05,35.971051332943965,15.968624670423567,12.696236418926597
2017-12-06,45.01526591333945,11.318183369897206,18.36133864260465
2017-12-07,55.2609327789093,7.485478321972653,21.225303001473783
2017-12-08,36.76996066752486,8.985459368640004,16.151364432524847
2017-12-09,40.691957158015185,7.168917685383355,25.90995282309141
2017-12-10,51.24854929977492,10.835896889523887,23.601530421766526
2017-12-11,49.938425250528894,9.773025691078235,37.47675949932212
2017-12-12,46.09183975289691,7.189302571140682,37.84305088504006
2017-12-13,40.593077886737845,7.230833124197631,42.78170421350563
2017-12-14,26.910437908729747,15.53861569713332,35.473078969215166
2017-12-15,64.81931888992099,24.448792205574584,34.77455690855773
2017-12-16,41.683320910702776,11.87584059418007,15.783474930010929
2017-12-17,34.18396584345746,9.310474078050085,20.84088762363395
2017-12-18,69.08170454945487,33.491923426072645,25.86045036369468
2017-12-19,73.98871027407145,11.445379794356544,35.62934045687289
2017-12-20,94.41281915930665,17.0947430026323,24.820413653891777
2017-12-21,45.77537159937454,12.110987457584839,53.50784995586905
2017-12-22,41.13725267270891,12.297640068934845,31.962190155995895
2017-12-23,36.637456180647725,13.131600544522252,19.885815536348304
2017-12-24,31.00329942822993,8.586386831355789,25.22972327394747
2017-12-25,19.196196326387067,5.275001138554568,28.876768486782773
2017-12-26,24.361031456544197,1.17168992550109,11.407559928186094
2017-12-27,3.668106986506217,1.3976097595972679,16.624942005771857
2017-12-28,-7.206602844914954,5.5002983557937375,12.31019310775987
2017-12-29,-7.411782743113815,5.19155080770814,4.934838251967662
2017-12-30,29.675388966916707,4.25882684254306,16.12988245474856
2017-12-31,45.54785930553378,8.773994403616816,15.357379610161132
2018-01-01,39.12640184704233,7.260156573997495,6.451944285445629
2018-01-02,33.83948549764887,14.715576732078443,-11.556493096229577
2018-01-03,35.09957954411249,14.552861762473501,-10.885854719569124
2018-01-04,29.876192946725475,29.35866984417737,-17.162102721429573
2018-01-05,36.73957678449733,7.203592609928048,6.224675218233127
2018-01-06,38.0936356141148,12.102252831945373,17.198600133130185
2018-01-07,35.392765806664826,8.70624896244426,16.809119882175025
2018-01-08,38.08590582252047,17.899760653431763,12.164496597936289
2018-01-09,52.08442743014148,7.468300537143808,18.926617311890226
2018-01-10,39.4996727261715,7.514287614219459,21.750640642503612
2018-01-11,46.52344150485657,22.892559324861935,27.38755560320458
2018-01-12,27.759030326965338,9.965744120587082,34.8663378098095
2018-01-13,71.50088728882083,8.221396428106004,23.41783572511379
2018-01-14,38.3721173378855,12.84505722409007,23.901041285315635
2018-01-15,30.47598388895634,5.274721312372903,61.593799686117
2018-01-16,34.38488903071298,10.168686693672571,48.56984550336897
2018-01-17,37.605711287524,7.918839770618689,71.66556424383397
2018-01-18,31.045709336531182,10.819698031927853,56.76144195344892
2018-01-19,45.98341626166794,19.939392851667865,29.01453835966943
2018-01-20,45.97163787546053,14.956254498504633,28.538973397726284
2018-01-21,45.484877317767186,10.576361879164772,31.408283775254635
2018-01-22,52.524742642093685,14.440851971642534,26.585770248165414
2018-01-23,91.90727085313948,18.41156293912188,-5.275336068847203
2018-01-24,81.87672686011777,18.980995923854902,35.59573216240964
2018-01-25,60.141849926594766,17.093052472684143,27.096401783181427
2018-01-26,57.15628786972256,11.929475710588793,43.29997824669108
2018-01-27,54.6373766153599,14.120138692443316,31.434516417346543
2018-01-28,57.72275890353068,16.006339726306273,31.392897961918152
2018-01-29,86.55481651130746,18.938674269599126,38.3039950080273
2018-01-30,85.64551249510632,10.102895644738291,39.13950208799035
2018-01-31,7.186531933770386,13.102659105399074,36.365270528690495
2018-02-01,63.93595431713168,11.710281588000356,44.457722560868746
2018-02-02,68.02326536923242,17.21688763552037,34.894786910184095
2018-02-03,70.629300052252,16.408674459379313,42.151292670619455
2018-02-04,59.12941345701613,16.872981002314084,41.16486313712385
2018-02-05,53.138500186061066,13.228886715360433,59.98805941747891
2018-02-06,58.17672236132814,17.788959122483543,27.939375027509335
2018-02-07,58.22874137556127,15.82431152894777,37.33452438883137
2018-02-08,75.95996875340663,20.47561641485521,17.260900013630398
2018-02-09,1.148673604094192,14.011871490046154,38.2588628186129
2018-02-10,47.37277751610169,12.0050107323263,42.3342655808148
2018-02-11,53.24305517380071,10.754507382717849,37.38350543599326
2018-02-12,65.53017085410355,17.650607945621275,-6.396837155507603
2018-02-13,49.92459685425567,18.136173080676926,-15.352517630859019
2018-02-14,46.3748446342866,16.968370990002487,35.13131534332601
2018-02-15,48.172478213371164,16.135555550320966,40.98791020025101
2018-02-16,47.971665634816524,11.275664953597808,30.484059228679392
2018-02-17,49.357647966544086,12.195626772950469,35.42168988632175
2018-02-18,44.72560878797829,16.270503156697337,41.208989951412775
2018-02-19,6.533106848488263,-2.3950712446926974,37.55349253819422
2018-02-20,42.64908612915738,7.902713079649109,40.80362291958621
2018-02-21,57.445461387412685,13.978849397965568,37.27873085098412
2018-02-22,41.75057669508621,9.65862115607326,32.96844633634838
2018-02-23,19.983034623836474,16.55362680822624,42.01666590716289
2018-02-24,64.71337226651058,20.8881626655013,36.92620912156176
2018-02-25,42.65994413963756,19.068726503748664,36.425028694545816
2018-02-26,41.3200908628084,20.632928037870606,80.05803762322228
2018-02-27,97.08493311913672,16.419683927230103,38.826117221720494
2018-02-28,38.71063726710196,21.690460206363884,70.42031811618565
2018-03-01,39.23429585579812,31.653069484532086,38.274154586465414
2018-03-02,43.56256306499979,19.302684773130075,33.04347304539092
2018-03-03,41.90826524635404,18.613076296761463,37.97457600398052
2018-03-04,52.05277143721869,20.481247381012626,37.91822747383398
2018-03-05,47.73192005555754,12.879364884562257,32.55762279538535
2018-03-06,48.04701757196589,20.981253757284733,12.73221194837165
2018-03-07,73.1122517799311,19.29128873148626,39.221728993722486
2018-03-08,74.42288370121075,21.560098560398295,16.389340072094768
2018-03-09,52.12238675249333,31.655222245236168,53.34833433895914
2018-03-10,49.29967271116982,22.406336624552733,38.21880754828834
2018-03-11,47.584233218246865,19.090647803490082,41.1814465433503
2018-03-12,52.16125841057816,19.997701286224736,24.08518326398399
2018-03-13,49.65546948075552,-1.6835315514398737,46.833368931369506
2018-03-14,47.52128949429515,18.946450900119057,66.83349379069602
2018-03-15,53.682545414468386,22.828936382053577,47.988451853680516
2018-03-16,40.244402952934976,-0.7874213531615695,55.55007007515046
2018-03-17,59.04083611033363,22.068380663767414,55.98636602803279
2018-03-18,51.471849168345884,18.323536021914954,51.95129676521853
2018-03-19,44.28819321570902,28.055051947584314,55.33547003191867
2018-03-20,52.879732363835366,31.559687003640065,27.531472598686477
2018-03-21,47.95246572791926,20.41154532161981,-19.000648577328683
2018-03-22,49.42426192602238,18.712787241252826,20.642386035495893
2018-03-23,19.143926456932753,20.819318538067872,39.634081420506035
2018-03-24,46.16613521958009,17.981861998415145,39.65550355002835
2018-03-25,91.81926692948073,20.788631528555165,40.14119661964731
2018-03-26,49.13527467712999,15.409278451097414,40.963699005640656
2018-03-27,55.584628881119,16.37419843600918,5.280080061741632
2018-03-28,60.905985315609485,54.69569610087143,41.89761489738027
2018-03-29,54.775527567964104,13.381894367119573,43.12677660975269
2018-03-30,55.320424092945096,12.334920560580759,37.91812810310607
2018-03-31,49.78215819595594,39.55174946804626,35.411329985656835
2018-04-01,48.60056242679912,14.158567035153766,37.81239949160286
2018-04-02,47.62394484889825,14.097636828124152,19.826282619571753
2018-04-03,36.130769926278994,7.651904557756268,37.998761921667274
2018-04-04,40.18392212104249,16.55692129323034,35.77435837581649
2018-04-05,40.09041418586086,17.43197035974743,44.1424592528967
2018-04-06,43.33576198892633,15.599693559890152,42.74510554259044
2018-04-07,74.0276045644596,17.36681239194708,47.83052914339184
2018-04-08,47.853913283127234,15.669379893478968,36.93027393469346
2018-04-09,53.18249169097968,14.622409336138785,64.07454612273484
2018-04-10,63.835336207986764,22.207019635879078,42.36273828875933
2018-04-11,63.51689589293203,11.403351975839032,35.80926317082793
2018-04-12,93.19903190839295,13.54940557358885,31.793832443634848
2018-04-13,63.38967505444504,11.193007093419226,27.751592994063046
2018-04-14,66.03373167736899,14.017491934681681,26.94062588348811
2018-04-15,47.663870772239854,16.839465346630934,33.03542530903249
2018-04-16,89.0924117811526,20.04761159377141,26.562821165531687
2018-04-17,119.10631277184949,18.45940497853895,28.097921728875125
2018-04-18,69.84471701206122,22.885170326648225,44.59595540517621
2018-04-19,85.91997457134362,25.166618219334175,16.505836299075842
2018-04-20,76.18803852223076,25.0827674833252,26.949770162105413
2018-04-21,57.35385436170758,21.19282907886717,25.423819389721842
2018-04-22,66.41800776857363,22.659559386936834,25.14048714282194
2018-04-23,61.90528555026027,20.867087867523363,26.883240345870558
2018-04-24,59.01314093697313,6.151121355131675,15.403605638755808
2018-04-25,54.559137324296714,25.2855022090354,21.897196247178584
2018-04-26,52.12600732730359,21.17882589142301,26.049040935213483
2018-04-27,24.82203722085628,19.708038187079094,23.618179058300015
2018-04-28,71.10719457159294,24.215118809217806,28.318691335305928
2018-04-29,53.686302853302294,17.817619346801905,24.825026768985392
2018-04-30,55.108557488904935,22.886406916087903,-19.268220731199648
2018-05-01,43.40234997617776,31.31839121700203,-1.2461661652255973
2018-05-02,45.583742871827084,10.648747340162092,-0.6544204245306213
2018-05-03,15.57289183262938,14.150943678741285,-0.5472869253949191
2018-05-04,43.087461949170205,36.521952813158904,-8.307776206593854
2018-05-05,56.79902383583985,11.756395936661747,26.380559165594153
2018-05-06,43.7618593680692,15.053117311007288,24.999964005471213
2018-05-07,34.120433768156346,11.76418189740761,34.30695397479353
2018-05-08,60.36416368616466,14.144180914653942,32.23909625594945
2018-05-09,49.71584845364108,14.815906000684354,34.069655389420404
2018-05-10,41.542660421672274,19.946546100691076,30.835622236998237
2018-05-11,45.37039959630161,12.096196832076382,34.03537930053036
2018-05-12,39.807044948387926,14.368346474651576,25.755743977158268
2018-05-13,47.75225028803102,32.90917498335319,35.080210306815104
2018-05-14,56.64793976562132,13.5401469782346,34.7124531774343
2018-05-15,31.478987803541344,14.294671345054825,61.90291688332611
2018-05-16,54.61317809287634,22.79748367708521,63.22018402680237
2018-05-17,54.41832876986297,9.8432322982433,47.777095849245036
2018-05-18,49.30875892626772,23.156198308121255,27.029090519188657
2018-05-19,47.728567491444686,14.50684921168381,23.19554748004855
2018-05-20,46.975890186885515,16.73463707454149,19.833579376601215
2018-05-21,44.46824153463936,14.803809113084633,10.36026067443851
2018-05-22,50.037126394100355,1.0663935384400656,15.539623106263736
2018-05-23,37.00120986311231,11.313181747938199,12.430256983724455
2018-05-24,58.76084101570213,14.663341141621324,16.25026142728123
2018-05-25,36.40111277774557,13.637031643479004,71.35550171366933
2018-05-26,49.15645356225715,17.33499911001522,23.54699315321114
2018-05-27,49.46604837405617,14.187220525307481,18.52280096785902
2018-05-28,9.613988906772896,1.3459272467538177,17.809001163993855
2018-05-29,38.8371052114783,19.315790795667645,68.52549685553834
2018-05-30,48.1956966501221,16.907974237140852,20.334341058921268
2018-05-31,40.41648691454745,15.789623409119535,18.016665257976815
2018-06-01,57.29986544889711,20.40188845446094,21.461888149523517
2018-06-02,49.91883785332316,21.64624878300642,23.48138386624475
2018-06-03,51.37088399986889,16.983682158212595,30.01960811208189
2018-06-04,91.9929560164989,22.289748263565446,33.88920355583169
2018-06-05,54.80777779266085,11.88232526019178,22.90787105469333
2018-06-06,51.070633228820256,27.730549605708173,54.34511867603389
2018-06-07,51.54648652612787,21.829829420859195,31.556680528540003
2018-06-08,45.926389893430155,18.746631618584974,83.63425857397463
2018-06-09,49.01913341058991,16.448951387180692,27.123313172227114
2018-06-10,47.55441006221203,22.107709561462023,23.85164902858652
2018-06-11,50.34414850805646,12.872606262743636,22.86657625723752
2018-06-12,52.267565013191515,16.53359385623492,30.565502272351413
2018-06-13,89.91214360574553,18.337389489627483,49.96219568407753
2018-06-14,51.97883454605359,22.096242464709377,36.74809899789486
2018-06-15,53.60687457612674,17.16526511626372,31.902270447407673
2018-06-16,56.62210460840776,15.374627135037912,33.69204418018862
2018-06-17,60.372354893943935,13.562038013257668,38.312992918290945
2018-06-18,61.27348036233198,17.738395972323396,68.15668974499935
2018-06-19,63.87927773678985,18.442381497584357,61.08408294035164
2018-06-20,65.07645519029583,28.679344770571625,30.074884788458395
2018-06-21,64.57000883496936,12.863275762508946,50.343982562723305
2018-06-22,64.41937516428351,15.833117590041248,22.034728612976718
2018-06-23,66.76992775232921,13.556974103268503,31.50407013168741
2018-06-24,60.2818755600846,13.714333727752928,23.75774803673296
2018-06-25,57.75400243616403,16.407473795154896,33.01531858819679
2018-06-26,64.49562743216578,15.376256776287912,55.64330379945675
2018-06-27,54.85518672169834,11.503740823419998,33.835010207905825
2018-06-28,59.6879695394547,16.653489542635032,26.577262927544144
2018-06-29,179.5163760783991,12.858811583061122,38.21670317944736
2018-06-30,57.13004422092919,16.29074744351973,25.537508047907174
2018-07-01,53.39575488925681,14.127092663719523,40.95690422213195
2018-07-02,70.60826125745784,8.377832183901532,19.83645667234177
2018-07-03,88.09191158485886,6.314961009535613,27.33045431296751
2018-07-04,3.852587266197464,-1.0659834616480302,25.66233416244917
2018-07-05,-4.265953571358189,3.6176221597473472,28.041722219695018
2018-07-06,11.53041340894272,12.853723359746034,3.2020148520594747
2018-07-07,45.928887548235636,9.287931760000024,31.773381505054026
2018-07-08,67.3112699347232,14.76770685356036,27.469985274222722
2018-07-09,56.095802083817524,15.086984937676185,36.05119410558533
2018-07-10,54.03474824714826,14.27344577736005,31.684661380776227
2018-07-11,58.64070961466673,12.387914748799764,17.6727700030095
2018-07-12,50.67982016329718,14.244353850747506,32.044449686118774
2018-07-13,54.9130385980753,12.888405349419521,33.610229145562315
2018-07-14,64.36184533175171,16.544628048943782,29.16569283764578
2018-07-15,56.254634109814305,13.355770525663777,31.917705448874933
2018-07-16,60.216858221078276,12.06410805398223,-5.296938015187166
2018-07-17,53.70548860164089,15.82052262069829,10.173535416818275
2018-07-18,66.05334001374948,18.627080777018875,32.76541362233539
2018-07-19,65.52739594392581,13.174917326509906,22.881208015613822
2018-07-20,63.61709833179682,13.153953484740322,26.351621669401016
2018-07-21,56.54108252021814,13.51181859684246,29.392804999308282
2018-07-22,54.379556616999366,17.002492725237452,25.3765475445603
2018-07-23,50.5225105414287,18.77335243532685,29.30158341552184
2018-07-24,75.00137814640291,18.01983080397084,-15.279159505452483
2018-07-25,46.125967324985616,11.477571287593163,36.598118978995586
2018-07-26,56.32379481709172,19.183567709193067,33.14618109061746
2018-07-27,36.00642555404027,27.71855889587668,26.39515969702166
2018-07-28,48.5355052305643,20.85523788283897,23.841030771294527
2018-07-29,53.76652151083749,17.36334608201527,29.28336530503759
2018-07-30,50.876109181231406,22.569407845743008,22.49129268336952
2018-07-31,56.06064974345591,20.158761977546206,19.776180007719585
2018-08-01,52.62827631637933,24.47146354136877,18.18900783720223
2018-08-02,41.487808363777276,26.998973921993304,39.82732922315788
2018-08-03,51.14647884914215,21.589099919638233,14.392825898194541
2018-08-04,49.771903810675056,24.160839236219395,21.26502095479268
2018-08-05,43.647507642669225,19.93176371373098,24.631465608883104
2018-08-06,65.79834515718221,13.792001919018396,51.980915537892564
2018-08-07,42.12929577326596,16.5810887361619,32.521929927682606
2018-08-08,44.24220385101586,-13.706327096663752,21.254728029763
2018-08-09,112.20605000806042,12.378238210780543,24.06681063673824
2018-08-10,78.53607186491597,13.54679023954835,29.458533080837224
2018-08-11,73.5256554612503,15.60983030565914,30.465069714806074
2018-08-12,53.49893578634487,18.825514387324368,23.89863452091947
2018-08-13,53.41326069427687,20.238887479350314,26.842574025380504
2018-08-14,55.6104013908034,21.247372381036357,33.34694664501689
2018-08-15,55.22791662295837,21.200121304194166,23.14716042611461
2018-08-16,53.426827408177274,19.294774749821208,30.018337939184377
2018-08-17,43.15287872282087,19.238602335509388,28.307803608186408
2018-08-18,51.06021613520013,16.61274978125323,25.428643499273743
2018-08-19,58.370078326508334,17.28820037833002,24.25452865569517
2018-08-20,51.960693156197564,19.42157644292957,25.03138393172724
2018-08-21,64.25054477996707,6.482784135279307,29.84173424832514
2018-08-22,90.10240558563719,10.223269133424992,26.072627113483133
2018-08-23,61.863262429068,19.893478395958258,-3.0138417241775564
2018-08-24,67.92507370612236,15.003177301675766,30.649969855325686
2018-08-25,60.62914562502326,21.23976626621033,22.293183299234695
2018-08-26,52.66347105585332,16.805635914944606,22.92402609681853
2018-08-27,56.63789893435809,18.82284511790179,17.83440582349857
2018-08-28,50.812639302070416,18.512243662087847,11.414143652639599
2018-08-29,46.12201971692236,25.587900474295388,3.0106038525167627
2018-08-30,44.63731264411828,21.397310454194105,19.16934668521301
2018-08-31,77.18253846815225,30.307711964916134,14.983555348501081
2018-09-01,50.051958560850125,18.786032655310844,19.511721949025784
2018-09-02,52.207127476764974,29.690758631058902,17.815875907507593
2018-09-03,14.801493763469693,8.602059562407288,28.526143265483284
2018-09-04,52.273954980514176,6.398330303706334,0.5179557616003425
2018-09-05,73.7283934693359,24.370361622967792,20.50947559098652
2018-09-06,61.93384038753887,26.814456869692343,7.496945612136729
2018-09-07,56.28057178710297,27.442503312974644,13.7319816478491
2018-09-08,56.949854787868475,26.555327176933666,17.226626996731632
2018-09-09,54.70728516072496,23.769049793863637,17.617702290520338
2018-09-10,47.592230928466776,23.259932032900178,64.76727251298401
2018-09-11,68.52997306724711,24.207899201225565,16.03470825881132
2018-09-12,55.7617624876617,42.26300283287153,16.551026152184196
2018-09-13,67.09516954898223,33.24292583988225,60.8827154902055
2018-09-14,37.54576082673276,22.023009625152504,43.42519269103208
2018-09-15,30.938177261792276,15.910104783284735,24.09668636704007
2018-09-16,54.80916807423642,19.01265565578261,26.717110168420785
2018-09-17,60.128781293184076,31.04670460192501,25.38948521027924
2018-09-18,51.679947853545904,17.741447031071722,30.191160203261976
2018-09-19,56.48236430667724,18.19590599927686,28.820412925601932
2018-09-20,46.38179669944866,17.64028766621493,30.84521005495214
2018-09-21,56.97056813602923,14.965439207742943,30.95951311420869
2018-09-22,55.92930440637301,20.087344145768814,28.25903090984166
2018-09-23,58.68614028654125,17.36110980769318,28.071166460170755
2018-09-24,56.20672693347281,17.729541727648666,30.491277221603262
